22.9936764553949 120.205020904541
22.9959875151513 120.205042362213
22.9896863275000 120.201029777526
22.9873751598982 120.208175182342
22.9861109147326 120.209462642669
22.9867825464502 120.215041637420
22.9869800845551 120.217444896698
22.9974886951661 120.202531814575
22.9878887561165 120.159251689910
22.9891529846407 120.156569480896
22.9864467310089 120.149316787719
22.9910493052374 120.147289037704
23.0007280267410 120.161772966384
22.9995034105285 120.158522129058
23.0033056100439 120.157835483551
23.0034537455195 120.159777402877
23.0015180958204 120.160614252090
23.0023476633765 120.164980888366
22.9992367587511 120.163671970367
22.9994540306094 120.218254923820
23.0016958607260 120.213003158569
22.9999675808843 120.212026834487
23.0009551720750 120.213024616241
22.9885900093376 120.210878849029
22.9882146911651 120.209451913833
22.9931233753989 120.208432674407
22.9921554799547 120.156322717666
22.9904517695894 120.204307436943
23.1530566516856 120.100194661616
23.0677781616565 120.127472546162