168499.2522 2543803.7769
168502.8393 2544059.6925
168087.6590	2543364.1322
168818.8743 2543104.2208
168950.1215 2542963.5062
169522.5312 2543034.8114
169769.0516 2543055.3704
168246.3564 2544227.3312
163803.1187 2543189.0074
163528.9189 2543330.5882
162785.3125 2543334.8820
162578.6313 2543546.0903
164069.7493 2544609.3637
163735.6970 2544475.6571
163667.7204 2544897.1218
163866.8951 2544912.3843
163951.4595 2544697.5365
164399.6450 2544786.8476
164263.4921 2544443.1072
169859.4654 2544436.2930
169322.3900 2544687.4339
169221.2709 2544496.5814
169324.1495 2544605.3981
169096.8012 2543237.2597
168950.2768 2543196.4846
168848.7097 2543740.6368
163505.5312 2543663.2336
168424.1674 2543447.0709
157860.5934 2561516.1911
160597.5276 2552055.1702